0.7930473612636447
0.9004358606161995
0.8897290445287643
0.7433584458309838
0.10383170531728814
0.2617142131088357
0.7695125014862014
0.011483364536846064
0.3969511651310593
0.700096949512838
0.13944129044270914
0.5345487687822187
0.7619080207004079
0.2733501397191189
0.5374721554243036
0.4682347627725092
0.41057410442461895
0.5244203879973212
0.7531796745617045
0.422110401346958
0.6589167282930835
0.3778117704008237
0.5040357013688511
0.5325140565616702
0.9161774333338839
0.4790007123213902
0.9605019460899429
0.6244096777278634
0.666271950993277
0.6349377344759072
0.6586367758752554
0.5823081148025968
0.4168518931538173
0.026341753271913904
0.6067775653213506
0.6260790233695377
0.7840412922114778
0.7176393743915714
0.6627027582219651
0.7337828623422609
0.7703232766694308
0.13042232327149827
0.7688055334395137
0.22870765474218835
0.9800250163940957
0.7640295574065501
0.12906705476413016
0.32903017126422474
0.23189361688759402
0.990360241138547
0.6397102257704806
0.350281803280418
0.6183246817511072
0.35928343945937036
0.5223141236036523
0.7536500657438122
0.9970645464987166
0.6992189980972611
0.29496219122695966
0.1981908639541674
0.4868314534233953
0.7102530782383842
0.1733112656388085
0.7607685125362925
0.8308912059516776
0.5644655898914326
0.7313585234317094
0.11528067657285035
0.781300622518726
0.3534104763198075
0.39467155963302536
0.3788896167923872
0.8715451896568505
0.4812266362701444
0.16701071731174433
0.10615487821430813
0.4397935094299794
0.6101990698706491
0.8872558624452402
0.13809488660622748
0.6556672177370118
0.7798133998480122
0.8560665920219142
0.8588191607082555
0.5684930937932978
0.1939015394393535
0.48692034648610427
0.1295713750099643
0.8539933785630374
0.16491631329583245
0.16050240740442312
0.6318559275491425
0.8207740000066424
0.8539105193142097
0.21279711651888955
0.9678567814592038
0.6496791753996491
0.46116193713403864
0.2724760879775704
0.9906355004960985
0.7443536025591178
0.22379013334574005
0.4096470904380358
0.9057288136044245
0.5967195416204405
0.9471492421223942
0.39041646519115736
0.5864716068887487
0.7243647709048308
0.5839671538574138
0.8015854924058653
0.9445640813320711
0.8659084978274516
0.125281013116898
0.9083543970230396
0.5304077720882582
0.7456684199668236
0.44187204868208074
0.996303303432708
0.11900370900456436
0.7702463669294658
0.8573386734944711
0.5329606822062044
0.6301010006006449
0.9983228127049397
0.5337409400370036
0.36715083752591005
0.13079463031828464
0.19836207514392912
0.5893570452465012
0.5147659700420865
0.8451428875149661
0.21633453903384126
0.2604289069755179
0.36902558531216156
0.15479337843892105
0.07583102251929574
0.9865574008108282
0.2683356002012086
0.36933932180936524
0.1041800061290914
0.8100671416832737
0.7583873982049165
0.47998698328908473
0.7451570980880108
0.4577158239818735
0.13668402755810272
0.2862897654399963
0.7115105572848708
0.7628115383359471
0.000745382857997412
0.18924417897339818
0.2138262822527689
0.8509068829437382
0.17415865025761623
0.2945298562250639
0.8068860250527159
0.530985003096218
0.7008620401049003
0.6499659267000245
0.5010177915547238
0.5718256460956729
0.27803410942730034
0.053966387385171455
0.010685074609556144
0.8548404748626879
0.13053270612226864
0.995041288377813
0.21936761981924524
0.623583050161745
0.6756440357290523
0.07391003753177083
0.28732294928205804
0.7868778628438128
0.7845338407835276
0.08388376107969031
0.2724777585030156
0.21167237263547323
0.8876564514895686
0.36033990419927475
0.3992084401159933
0.21910372462583005
0.055002922609462046
0.8337150717200866
0.8342461963445679
0.611549337365419
0.5267106458032478
0.9636060177858846
0.9693520869235981
0.9010271181492422
0.9485318739431285
0.3842125823953977
0.9919225641637641
0.27076369264793687
0.20929601121039576
0.7226098444862712
0.8004155344772371
0.10864372876635642
0.1521674154275764
0.555932973666281
0.684263585215948
0.5482404860458661
0.8399795715854332
0.5788178067527989
0.32483194476935784
0.8502952734854156
0.638713299583517
0.07742059068619112
0.524463960350019
0.8294957732819529
0.5021863516123418
0.29379119503331486
0.6251809604404693
0.24569509768459485
0.47779279465046487
0.041889478094268906
0.5486645560969037
0.24495789108829324
0.12021886796865211
0.6551126622446428
0.48188583025309006
0.8796266679351792
0.19165180203139576
0.11760291041420867
0.501770137273409
0.0952576676627499
0.8349662547000921
0.5825424900371909
0.9225458440468246
0.6184309466931306
0.00649244968408258
0.18478533055760127
0.595734839202087
0.42952000901377063
0.9081829918259232
0.77839298980652
0.4066427790949466
0.1917312399452732
0.4251634718012586
0.22467974806001778
0.04265413079347502
0.8682082392646485
0.5262223081173218
0.6623801912050423
0.016030105195704136
0.3676790950920592
0.027916423749001273
0.3756049730326555
0.4318235510999734
0.727300610258738
0.5162936156238154
0.31435111870834564
0.40927670987891895
0.3570169574013068
0.5713200334667208
0.6495354658147618
0.24449917998200388
0.9644929131518998
0.6196806394814973
0.26440301121869125
0.307306033546373
0.8314326186925481
0.18360534396875228
0.30990258276506033
0.23019901423004285
0.8657607662306619
0.7319535488548992
0.9403475379344849
0.4012944839034184
0.5594614249170365
0.8940419533427081
0.05904854405233373
0.7176511155195315
0.4211055286093137
0.795665916976404
0.31422681367420047
0.32197575761891195
0.6463816062253304
0.4862126754428421
0.7957323157411132
0.001326297850788194
0.10627233399666303
0.13412947416187326
0.5280135524442007
0.9883468760455708
0.4414902969383906
0.16913509427556483
0.341527132117872
0.2123555265651107
0.2394274887193264
0.36316006769814313
0.24748761887263615
0.3181454161989814
0.39587714254088435
0.9092398804480412
0.54594118928347
0.9801154307376978
0.7963264165628443
0.1363010611080363
0.007699865448518972
0.8554145059204489
0.8875339931338146
0.06688700446799156
0.3696177781208557
0.5454272243601305
0.7002055907132606
0.4125274635284951
0.37234355115837325
0.009056284686243643
0.1621786133816765
0.3569844185548732
0.3303660096626121
0.737967012310655
0.8691760579002359
0.5583084574792427
0.649662501292066
0.46846495032286295
0.4340820410063301
0.8131005820143328
0.47335892970283855
0.6545220545866276
0.3860291989770167
0.09902157241392029
0.05485861385945645
0.40211525594494224
0.04229916832854297
0.17003691123911158
0.009516088789396249
0.23448664871491232
0.5177660292195675
0.6168758580218014
0.16284620686066986
0.6360765530567775
0.12252972002003504
0.5694768632857713
0.3431551044186163
0.41940668160543493
0.09605769058499336
0.1293660766949869
0.03336695584051286
0.7115653827103495
0.6552392749069381
0.6859361000192062
0.07536699068918229
0.3805963630911894
0.9320019777118415
0.6410411358362056
0.6638612328688679
0.7408196570550115
0.6030372097997473
0.26119324324784976
0.12507825870627132
0.0291546597785175
0.22067065550927467
0.0601364812600621
0.06388347409739992
0.32520950314993935
0.7268130546096119
0.07081667173416584
0.692504740297261
0.3985603993282595
0.9338174823199105
0.798547456482178
0.7163509339288863
0.02790201516370261
